CAM1
K
<Matrix 3x3 (720.0000,   0.0000, 360.0000)
            (  0.0000, 654.5455, 243.0000)
            (  0.0000,   0.0000,   1.0000)>
RT
<Matrix 3x4 ( 0.7869, -0.0261, -0.6166, -4.7438)
            (-0.2871,  0.8689, -0.4032, -6.2170)
            ( 0.5462,  0.4943,  0.6762, 10.7958)>
P
763.193115234375 159.17526245117188 -200.49801635742188 470.9560546875 -55.21266174316406 688.8462524414062 -99.60523986816406 -1445.92333984375 0.5462493896484375 0.4943245053291321 0.6762062907218933 10.795791625976562

CAM2
K
<Matrix 3x3 (720.0000,   0.0000, 360.0000)
            (  0.0000, 654.5455, 243.0000)
            (  0.0000,   0.0000,   1.0000)>
RT
<Matrix 3x4 (0.7668, -0.0255, -0.6414, -4.8820)
            (0.3752,  0.8286,  0.4155, -1.5673)
            (0.5209, -0.5593,  0.6449, 15.8969)>
P
739.5904541015625 -219.6693115234375 -229.6766357421875 2207.850341796875 372.13702392578125 406.4581298828125 428.7009582519531 2837.05615234375 0.5209146738052368 -0.5592580437660217 0.6448862552642822 15.89686393737793

CAM3
K
<Matrix 3x3 (720.0000,   0.0000, 360.0000)
            (  0.0000, 654.5455, 243.0000)
            (  0.0000,   0.0000,   1.0000)>
RT
<Matrix 3x4 ( 0.7896, -0.0229, -0.6132,  -4.4559)
            (-0.3794,  0.7671, -0.5173, -15.8504)
            ( 0.4822,  0.6411,  0.5970,   3.0153)>
P
742.1243286132812 214.3110809326172 -226.54412841796875 -2122.72705078125 -131.1836395263672 657.8892211914062 -193.52349853515625 -9642.068359375 0.4821968972682953 0.6411324143409729 0.5970220565795898 3.015329599380493

CAM4
K
<Matrix 3x3 (720.0000,   0.0000, 360.0000)
            (  0.0000, 654.5455, 243.0000)
            (  0.0000,   0.0000,   1.0000)>
RT
<Matrix 3x4 ( 0.7896, -0.0229, -0.6132,  -4.2270)
            (-0.3794,  0.7671, -0.5173, -23.5113)
            ( 0.4822,  0.6411,  0.5970,  -3.2352)>
P
742.1243286132812 214.3110809326172 -226.54412841796875 -4208.09375 -131.1836395263672 657.8892211914062 -193.52349853515625 -16175.3681640625 0.4821968972682953 0.6411324143409729 0.5970220565795898 -3.2351763248443604

CAM5
K
<Matrix 3x3 (720.0000,   0.0000, 360.0000)
            (  0.0000, 654.5455, 243.0000)
            (  0.0000,   0.0000,   1.0000)>
RT
<Matrix 3x4 (0.7668, -0.0255, -0.6414, -4.6321)
            (0.3752,  0.8286,  0.4155, -9.6962)
            (0.5209, -0.5593,  0.6449, 21.5245)>
P
739.5904541015625 -219.6693115234375 -229.6766357421875 4413.7548828125 372.13702392578125 406.4581298828125 428.7009582519531 -1116.11376953125 0.5209146738052368 -0.5592580437660217 0.6448862552642822 21.5245304107666

CAM6
K
<Matrix 3x3 (720.0000,   0.0000, 360.0000)
            (  0.0000, 654.5455, 243.0000)
            (  0.0000,   0.0000,   1.0000)>
RT
<Matrix 3x4 ( 0.7896, -0.0229, -0.6132,  -3.9975)
            (-0.3794,  0.7671, -0.5173, -31.1944)
            ( 0.4822,  0.6411,  0.5970,  -9.7330)>
P
742.1243286132812 214.3110809326172 -226.54412841796875 -6382.09765625 -131.1836395263672 657.8892211914062 -193.52349853515625 -22783.263671875 0.4821968972682953 0.6411324143409729 0.5970220565795898 -9.73295783996582

CAM7
K
<Matrix 3x3 (720.0000,   0.0000, 360.0000)
            (  0.0000, 654.5455, 243.0000)
            (  0.0000,   0.0000,   1.0000)>
RT
<Matrix 3x4 (0.7668, -0.0255, -0.6414,  -4.3748)
            (0.3752,  0.8286,  0.4155, -18.0686)
            (0.5209, -0.5593,  0.6449,  27.1048)>
P
739.5904541015625 -219.6693115234375 -229.6766357421875 6607.91455078125 372.13702392578125 406.4581298828125 428.7009582519531 -5240.2333984375 0.5209146738052368 -0.5592580437660217 0.6448862552642822 27.104841232299805

CAM8
K
<Matrix 3x3 (720.0000,   0.0000, 360.0000)
            (  0.0000, 654.5455, 243.0000)
            (  0.0000,   0.0000,   1.0000)>
RT
<Matrix 3x4 ( 0.7896, -0.0229, -0.6132,  -3.7696)
            (-0.3794,  0.7671, -0.5173, -38.8252)
            ( 0.4822,  0.6411,  0.5970, -16.1108)>
P
742.1243286132812 214.3110809326172 -226.54412841796875 -8514.013671875 -131.1836395263672 657.8892211914062 -193.52349853515625 -29327.79296875 0.4821968972682953 0.6411324143409729 0.5970220565795898 -16.110794067382812

CAM9
K
<Matrix 3x3 (720.0000,   0.0000, 360.0000)
            (  0.0000, 654.5455, 243.0000)
            (  0.0000,   0.0000,   1.0000)>
RT
<Matrix 3x4 (0.7668, -0.0255, -0.6414,  -4.1214)
            (0.3752,  0.8286,  0.4155, -26.3113)
            (0.5209, -0.5593,  0.6449,  32.6682)>
P
739.5904541015625 -219.6693115234375 -229.6766357421875 8793.134765625 372.13702392578125 406.4581298828125 428.7009582519531 -9283.5869140625 0.5209146738052368 -0.5592580437660217 0.6448862552642822 32.668212890625

CAM10
K
<Matrix 3x3 (720.0000,   0.0000, 360.0000)
            (  0.0000, 654.5455, 243.0000)
            (  0.0000,   0.0000,   1.0000)>
RT
<Matrix 3x4 (0.7666, -0.0253, -0.6416,  -3.8751)
            (0.3801,  0.8232,  0.4217, -34.3176)
            (0.5175, -0.5671,  0.6407,  38.5763)>
P
738.2647094726562 -222.39219665527344 -231.31553649902344 11097.423828125 374.5586242675781 401.029052734375 431.69464111328125 -13088.400390625 0.5175366401672363 -0.5671384930610657 0.6407102346420288 38.57628631591797

CAM11
K
<Matrix 3x3 (720.0000,   0.0000, 360.0000)
            (  0.0000, 654.5455, 243.0000)
            (  0.0000,   0.0000,   1.0000)>
RT
<Matrix 3x4 ( 0.8020, -0.0253, 0.5967,  -2.2791)
            (-0.3219,  0.8232, 0.4676, -30.7123)
            (-0.5031, -0.5671, 0.6521,  43.7384)>
P
396.35107421875 -222.39248657226562 664.415283203125 14104.8955078125 -332.9701232910156 401.0291748046875 464.52734375 -9474.16015625 -0.5030924677848816 -0.5671388506889343 0.6521136164665222 43.73841857910156

CAM12
K
<Matrix 3x3 (720.0000,   0.0000, 360.0000)
            (  0.0000, 654.5455, 243.0000)
            (  0.0000,   0.0000,   1.0000)>
RT
<Matrix 3x4 ( 0.8019, -0.0255, 0.5969,  -2.5239)
            (-0.3171,  0.8286, 0.4614, -22.7554)
            (-0.5064, -0.5593, 0.6564,  37.8640)>
P
395.064697265625 -219.66946411132812 666.0849609375 11813.810546875 -330.6201171875 406.45819091796875 461.47686767578125 -5693.4814453125 -0.5063703656196594 -0.5592581033706665 0.6563684344291687 37.86399841308594

CAM13
K
<Matrix 3x3 (720.0000,   0.0000, 360.0000)
            (  0.0000, 654.5455, 243.0000)
            (  0.0000,   0.0000,   1.0000)>
RT
<Matrix 3x4 ( 0.7797, -0.0229,  0.6258,  -1.9441)
            ( 0.4151,  0.7671, -0.4891, -42.7908)
            (-0.4688,  0.6411,  0.6076, -11.3009)>
P
392.60577392578125 214.3109893798828 669.277099609375 -5468.0791015625 157.79078674316406 657.8895874023438 -172.51817321777344 -30754.6484375 -0.4687996804714203 0.6411324739456177 0.607599139213562 -11.300933837890625

CAM14
K
<Matrix 3x3 (720.0000,   0.0000, 360.0000)
            (  0.0000, 654.5455, 243.0000)
            (  0.0000,   0.0000,   1.0000)>
RT
<Matrix 3x4 ( 0.8019, -0.0255, 0.5969,  -2.7773)
            (-0.3171,  0.8286, 0.4614, -14.5126)
            (-0.5064, -0.5593, 0.6564,  32.3006)>
P
395.064697265625 -219.66946411132812 666.0849609375 9628.58984375 -330.6201171875 406.45819091796875 461.47686767578125 -1650.1298828125 -0.5063703656196594 -0.5592581033706665 0.6563684344291687 32.300628662109375

CAM15
K
<Matrix 3x3 (720.0000,   0.0000, 360.0000)
            (  0.0000, 654.5455, 243.0000)
            (  0.0000,   0.0000,   1.0000)>
RT
<Matrix 3x4 ( 0.7797, -0.0229,  0.6258,  -2.1720)
            ( 0.4151,  0.7671, -0.4891, -35.1600)
            (-0.4688,  0.6411,  0.6076,  -4.9231)>
P
392.60577392578125 214.3109893798828 669.277099609375 -3336.1630859375 157.79078674316406 657.8895874023438 -172.51817321777344 -24210.11328125 -0.4687996804714203 0.6411324739456177 0.607599139213562 -4.923097133636475

CAM16
K
<Matrix 3x3 (720.0000,   0.0000, 360.0000)
            (  0.0000, 654.5455, 243.0000)
            (  0.0000,   0.0000,   1.0000)>
RT
<Matrix 3x4 ( 0.8019, -0.0255, 0.5969, -3.0346)
            (-0.3171,  0.8286, 0.4614, -6.1402)
            (-0.5064, -0.5593, 0.6564, 26.7203)>
P
395.064697265625 -219.66946411132812 666.0849609375 7434.4306640625 -330.6201171875 406.45819091796875 461.47686767578125 2473.990966796875 -0.5063703656196594 -0.5592581033706665 0.6563684344291687 26.720314025878906

CAM17
K
<Matrix 3x3 (720.0000,   0.0000, 360.0000)
            (  0.0000, 654.5455, 243.0000)
            (  0.0000,   0.0000,   1.0000)>
RT
<Matrix 3x4 ( 0.7797, -0.0229,  0.6258,  -2.4015)
            ( 0.4151,  0.7671, -0.4891, -27.4769)
            (-0.4688,  0.6411,  0.6076,   1.5747)>
P
392.60577392578125 214.3109893798828 669.277099609375 -1162.15771484375 157.79078674316406 657.8895874023438 -172.51817321777344 -17602.212890625 -0.4687996804714203 0.6411324739456177 0.607599139213562 1.5746855735778809

CAM18
K
<Matrix 3x3 (720.0000,   0.0000, 360.0000)
            (  0.0000, 654.5455, 243.0000)
            (  0.0000,   0.0000,   1.0000)>
RT
<Matrix 3x4 ( 0.7797, -0.0229,  0.6258,  -2.6304)
            ( 0.4151,  0.7671, -0.4891, -19.8159)
            (-0.4688,  0.6411,  0.6076,   7.8252)>
P
392.60577392578125 214.3109893798828 669.277099609375 923.2086181640625 157.79078674316406 657.8895874023438 -172.51817321777344 -11068.9111328125 -0.4687996804714203 0.6411324739456177 0.607599139213562 7.825192451477051

CAM19
K
<Matrix 3x3 (720.0000,   0.0000, 360.0000)
            (  0.0000, 654.5455, 243.0000)
            (  0.0000,   0.0000,   1.0000)>
RT
<Matrix 3x4 ( 0.8019, -0.0255, 0.5969, -3.2845)
            (-0.3171,  0.8286, 0.4614,  1.9886)
            (-0.5064, -0.5593, 0.6564, 21.0926)>
P
395.064697265625 -219.66946411132812 666.0849609375 5228.5234375 -330.6201171875 406.45819091796875 461.47686767578125 6427.1611328125 -0.5063703656196594 -0.5592581033706665 0.6563684344291687 21.092647552490234

CAM20
K
<Matrix 3x3 (720.0000,   0.0000, 360.0000)
            (  0.0000, 654.5455, 243.0000)
            (  0.0000,   0.0000,   1.0000)>
RT
<Matrix 3x4 ( 0.7824, -0.0261,  0.6223, -2.9458)
            ( 0.3256,  0.8689, -0.3729, -9.2626)
            (-0.5310,  0.4943,  0.6883, 16.2441)>
P
372.1611328125 159.17514038085938 695.8158569335938 3726.8984375 84.07026672363281 688.8466186523438 -76.82325744628906 -2115.505859375 -0.5309547185897827 0.4943245053291321 0.6882813572883606 16.244110107421875

CAM21
K
<Matrix 3x3 (720.0000,   0.0000, 360.0000)
            (  0.0000, 654.5455, 243.0000)
            (  0.0000,   0.0000,   1.0000)>
RT
<Matrix 3x4 (-0.0034, -0.0253, -0.9997,   3.4093)
            ( 0.5672,  0.8232, -0.0228, -35.5217)
            ( 0.8235, -0.5671,  0.0116,  36.5034)>
P
294.0277099609375 -222.39222717285156 -715.6041870117188 15595.94140625 571.408935546875 401.0289306640625 -12.095632553100586 -14380.2177734375 0.8235411643981934 -0.5671386122703552 0.011558232828974724 36.50344467163086

CAM22
K
<Matrix 3x3 (720.0000,   0.0000, 360.0000)
            (  0.0000, 654.5455, 243.0000)
            (  0.0000,   0.0000,   1.0000)>
RT
<Matrix 3x4 (-0.0032, -0.0255, -0.9997,   3.1623)
            ( 0.5594,  0.8286, -0.0229, -27.4957)
            ( 0.8289, -0.5593,  0.0116,  30.5818)>
P
296.1358337402344 -219.66885375976562 -715.5761108398438 13286.341796875 567.5582275390625 406.45916748046875 -12.146903038024902 -10565.783203125 0.8289129734039307 -0.5592568516731262 0.011630085296928883 30.581838607788086

CAM23
K
<Matrix 3x3 (720.0000,   0.0000, 360.0000)
            (  0.0000, 654.5455, 243.0000)
            (  0.0000,   0.0000,   1.0000)>
RT
<Matrix 3x4 ( 0.0332, -0.0229, -0.9992,   3.4228)
            (-0.6404,  0.7671, -0.0389, -36.9959)
            ( 0.7674,  0.6411,  0.0108, -18.0425)>
P
300.1639709472656 214.31146240234375 -715.5223388671875 -4030.930908203125 -232.68008422851562 657.8890380859375 -22.82110595703125 -28599.806640625 0.7673534750938416 0.6411332488059998 0.01080901175737381 -18.042545318603516

CAM24
K
<Matrix 3x3 (720.0000,   0.0000, 360.0000)
            (  0.0000, 654.5455, 243.0000)
            (  0.0000,   0.0000,   1.0000)>
RT
<Matrix 3x4 (-0.0032, -0.0255, -0.9997,   2.9090)
            ( 0.5594,  0.8286, -0.0229, -19.2529)
            ( 0.8289, -0.5593,  0.0116,  25.0185)>
P
296.1358337402344 -219.66885375976562 -715.5761108398438 11101.125 567.5582275390625 406.45916748046875 -12.146903038024902 -6522.4228515625 0.8289129734039307 -0.5592568516731262 0.011630085296928883 25.018478393554688

CAM25
K
<Matrix 3x3 (720.0000,   0.0000, 360.0000)
            (  0.0000, 654.5455, 243.0000)
            (  0.0000,   0.0000,   1.0000)>
RT
<Matrix 3x4 ( 0.0332, -0.0229, -0.9992,   3.1948)
            (-0.6404,  0.7671, -0.0389, -29.3650)
            ( 0.7674,  0.6411,  0.0108, -11.6647)>
P
300.1639709472656 214.31146240234375 -715.5223388671875 -1899.0107421875 -232.68008422851562 657.8890380859375 -22.82110595703125 -22055.279296875 0.7673534750938416 0.6411332488059998 0.01080901175737381 -11.664700508117676

CAM26
K
<Matrix 3x3 (720.0000,   0.0000, 360.0000)
            (  0.0000, 654.5455, 243.0000)
            (  0.0000,   0.0000,   1.0000)>
RT
<Matrix 3x4 (-0.0032, -0.0255, -0.9997,   2.6517)
            ( 0.5594,  0.8286, -0.0229, -10.8805)
            ( 0.8289, -0.5593,  0.0116,  19.4382)>
P
296.1358337402344 -219.66885375976562 -715.5761108398438 8906.96875 567.5582275390625 406.45916748046875 -12.146903038024902 -2398.29150390625 0.8289129734039307 -0.5592568516731262 0.011630085296928883 19.43817710876465

CAM27
K
<Matrix 3x3 (720.0000,   0.0000, 360.0000)
            (  0.0000, 654.5455, 243.0000)
            (  0.0000,   0.0000,   1.0000)>
RT
<Matrix 3x4 ( 0.0332, -0.0229, -0.9992,   2.9654)
            (-0.6404,  0.7671, -0.0389, -21.6820)
            ( 0.7674,  0.6411,  0.0108,  -5.1669)>
P
300.1639709472656 214.31146240234375 -715.5223388671875 274.9959716796875 -232.68008422851562 657.8890380859375 -22.82110595703125 -15447.384765625 0.7673534750938416 0.6411332488059998 0.01080901175737381 -5.16691255569458

CAM28
K
<Matrix 3x3 (720.0000,   0.0000, 360.0000)
            (  0.0000, 654.5455, 243.0000)
            (  0.0000,   0.0000,   1.0000)>
RT
<Matrix 3x4 ( 0.0332, -0.0229, -0.9992,   2.7365)
            (-0.6404,  0.7671, -0.0389, -14.0210)
            ( 0.7674,  0.6411,  0.0108,   1.0836)>
P
300.1639709472656 214.31146240234375 -715.5223388671875 2360.365478515625 -232.68008422851562 657.8890380859375 -22.82110595703125 -8914.087890625 0.7673534750938416 0.6411332488059998 0.01080901175737381 1.0836018323898315

CAM29
K
<Matrix 3x3 (720.0000,   0.0000, 360.0000)
            (  0.0000, 654.5455, 243.0000)
            (  0.0000,   0.0000,   1.0000)>
RT
<Matrix 3x4 (-0.0032, -0.0255, -0.9997,  2.4018)
            ( 0.5594,  0.8286, -0.0229, -2.7516)
            ( 0.8289, -0.5593,  0.0116, 13.8105)>
P
296.1358337402344 -219.66885375976562 -715.5761108398438 6701.06884765625 567.5582275390625 406.45916748046875 -12.146903038024902 1554.8873291015625 0.8289129734039307 -0.5592568516731262 0.011630085296928883 13.810522079467773

CAM30
K
<Matrix 3x3 (720.0000,   0.0000, 360.0000)
            (  0.0000, 654.5455, 243.0000)
            (  0.0000,   0.0000,   1.0000)>
RT
<Matrix 3x4 ( 0.0288, -0.0261, -0.9992,  2.4596)
            (-0.4936,  0.8689, -0.0369, -4.7562)
            ( 0.8692,  0.4943,  0.0122,  8.6083)>
P
333.6619873046875 159.17518615722656 -715.0755004882812 4869.9111328125 -111.89154052734375 688.8463134765625 -21.20995330810547 -1021.34326171875 0.8691924810409546 0.4943241477012634 0.012167436070740223 8.608269691467285

CAM31
K
<Matrix 3x3 (720.0000,   0.0000, 360.0000)
            (  0.0000, 654.5455, 243.0000)
            (  0.0000,   0.0000,   1.0000)>
RT
<Matrix 3x4 (-0.0682, -0.0253,  0.9973,   0.4654)
            (-0.5674,  0.8232, -0.0179, -29.7863)
            (-0.8206, -0.5671, -0.0705,  44.9600)>
P
-344.5375671386719 -222.3925323486328 692.7015991210938 16520.666015625 -570.8074951171875 401.0287780761719 -28.87076187133789 -8571.2099609375 -0.8205969333648682 -0.5671390295028687 -0.07052667438983917 44.960018157958984

CAM32
K
<Matrix 3x3 (720.0000,   0.0000, 360.0000)
            (  0.0000, 654.5455, 243.0000)
            (  0.0000,   0.0000,   1.0000)>
RT
<Matrix 3x4 (-0.0685, -0.0255,  0.9973,   0.2209)
            (-0.5596,  0.8286, -0.0173, -21.8411)
            (-0.8259, -0.5593, -0.0710,  39.0936)>
P
-346.63818359375 -219.66957092285156 692.5226440429688 14232.7236328125 -566.9708251953125 406.458251953125 -28.54368019104004 -4796.2744140625 -0.8259490728378296 -0.5592582821846008 -0.07098285108804703 39.09358596801758

CAM33
K
<Matrix 3x3 (720.0000,   0.0000, 360.0000)
            (  0.0000, 654.5455, 243.0000)
            (  0.0000,   0.0000,   1.0000)>
RT
<Matrix 3x4 (-0.1047, -0.0229,  0.9942,   0.8547)
            ( 0.6359,  0.7671,  0.0847, -43.6584)
            (-0.7646,  0.6411, -0.0658, -10.1628)>
P
-350.652587890625 214.3109893798828 692.1803588867188 -3043.19384765625 230.4467010498047 657.8892822265625 39.43171691894531 -31045.994140625 -0.7646080851554871 0.6411325931549072 -0.06575383991003036 -10.162797927856445

CAM34
K
<Matrix 3x3 (720.0000,   0.0000, 360.0000)
            (  0.0000, 654.5455, 243.0000)
            (  0.0000,   0.0000,   1.0000)>
RT
<Matrix 3x4 (-0.0685, -0.0255,  0.9973,  -0.0325)
            (-0.5596,  0.8286, -0.0173, -13.5984)
            (-0.8259, -0.5593, -0.0710,  33.5302)>
P
-346.63818359375 -219.66957092285156 692.5226440429688 12047.5029296875 -566.9708251953125 406.458251953125 -28.54368019104004 -752.9228515625 -0.8259490728378296 -0.5592582821846008 -0.07098285108804703 33.53021240234375

CAM35
K
<Matrix 3x3 (720.0000,   0.0000, 360.0000)
            (  0.0000, 654.5455, 243.0000)
            (  0.0000,   0.0000,   1.0000)>
RT
<Matrix 3x4 (-0.1047, -0.0229,  0.9942,   0.6268)
            ( 0.6359,  0.7671,  0.0847, -36.0276)
            (-0.7646,  0.6411, -0.0658,  -3.7850)>
P
-350.652587890625 214.3109893798828 692.1803588867188 -911.276611328125 230.4467010498047 657.8892822265625 39.43171691894531 -24501.462890625 -0.7646080851554871 0.6411325931549072 -0.06575383991003036 -3.784960985183716

CAM36
K
<Matrix 3x3 (720.0000,   0.0000, 360.0000)
            (  0.0000, 654.5455, 243.0000)
            (  0.0000,   0.0000,   1.0000)>
RT
<Matrix 3x4 (-0.0685, -0.0255,  0.9973, -0.2898)
            (-0.5596,  0.8286, -0.0173, -5.2260)
            (-0.8259, -0.5593, -0.0710, 27.9499)>
P
-346.63818359375 -219.66957092285156 692.5226440429688 9853.3408203125 -566.9708251953125 406.458251953125 -28.54368019104004 3371.197998046875 -0.8259490728378296 -0.5592582821846008 -0.07098285108804703 27.94989585876465

CAM37
K
<Matrix 3x3 (720.0000,   0.0000, 360.0000)
            (  0.0000, 654.5455, 243.0000)
            (  0.0000,   0.0000,   1.0000)>
RT
<Matrix 3x4 (-0.1047, -0.0229,  0.9942,   0.3974)
            ( 0.6359,  0.7671,  0.0847, -28.3445)
            (-0.7646,  0.6411, -0.0658,   2.7128)>
P
-350.652587890625 214.3109893798828 692.1803588867188 1262.726806640625 230.4467010498047 657.8892822265625 39.43171691894531 -17893.568359375 -0.7646080851554871 0.6411325931549072 -0.06575383991003036 2.712820529937744

CAM38
K
<Matrix 3x3 (720.0000,   0.0000, 360.0000)
            (  0.0000, 654.5455, 243.0000)
            (  0.0000,   0.0000,   1.0000)>
RT
<Matrix 3x4 (-0.1047, -0.0229,  0.9942,   0.1685)
            ( 0.6359,  0.7671,  0.0847, -20.6836)
            (-0.7646,  0.6411, -0.0658,   8.9633)>
P
-350.652587890625 214.3109893798828 692.1803588867188 3348.093505859375 230.4467010498047 657.8892822265625 39.43171691894531 -11360.26953125 -0.7646080851554871 0.6411325931549072 -0.06575383991003036 8.963327407836914

CAM39
K
<Matrix 3x3 (720.0000,   0.0000, 360.0000)
            (  0.0000, 654.5455, 243.0000)
            (  0.0000,   0.0000,   1.0000)>
RT
<Matrix 3x4 (-0.0685, -0.0255,  0.9973, -0.5397)
            (-0.5596,  0.8286, -0.0173,  2.9029)
            (-0.8259, -0.5593, -0.0710, 22.3222)>
P
-346.63818359375 -219.66957092285156 692.5226440429688 7647.43505859375 -566.9708251953125 406.458251953125 -28.54368019104004 7324.369140625 -0.8259490728378296 -0.5592582821846008 -0.07098285108804703 22.322227478027344

CAM40
K
<Matrix 3x3 (720.0000,   0.0000, 360.0000)
            (  0.0000, 654.5455, 243.0000)
            (  0.0000,   0.0000,   1.0000)>
RT
<Matrix 3x4 (-0.1003, -0.0261,  0.9946, -0.1535)
            ( 0.4897,  0.8689,  0.0722, -9.9124)
            (-0.8661,  0.4943, -0.0744, 17.5335)>
P
-384.0320129394531 159.17514038085938 689.3349609375 6201.53369140625 110.08491516113281 688.84619140625 29.1715145111084 -2227.466796875 -0.8660873174667358 0.49432462453842163 -0.07440418750047684 17.53350257873535

CAM41
K
<Matrix 3x3 (720.0000,   0.0000, 360.0000)
            (  0.0000, 654.5455, 243.0000)
            (  0.0000,   0.0000,   1.0000)>
RT
<Matrix 3x4 (-0.9997, -0.0253, -0.0031,   5.2300)
            (-0.0191,  0.8232, -0.5674, -33.1644)
            ( 0.0169, -0.5671, -0.8234,  39.8440)>
P
-713.6759033203125 -222.39230346679688 -298.6783752441406 18109.431640625 -8.376911163330078 401.0293273925781 -571.4755859375 -12025.529296875 0.016917403787374496 -0.5671385526657104 -0.823448657989502 39.84395980834961

CAM42
K
<Matrix 3x3 (720.0000,   0.0000, 360.0000)
            (  0.0000, 654.5455, 243.0000)
            (  0.0000,   0.0000,   1.0000)>
RT
<Matrix 3x4 (-0.9997, -0.0255, -0.0033,   4.9840)
            (-0.0192,  0.8286, -0.5595, -25.1703)
            ( 0.0170, -0.5593, -0.8288,  33.9442)>
P
-713.6340942382812 -219.66940307617188 -300.7858581542969 15808.3984375 -8.453370094299316 406.45843505859375 -567.6258544921875 -8226.66015625 0.017023922875523567 -0.5592581033706665 -0.8288187980651855 33.94418716430664

CAM43
K
<Matrix 3x3 (720.0000,   0.0000, 360.0000)
            (  0.0000, 654.5455, 243.0000)
            (  0.0000,   0.0000,   1.0000)>
RT
<Matrix 3x4 (-0.9989, -0.0229, -0.0397,   5.3920)
            (-0.0430,  0.7671,  0.6401, -39.5385)
            ( 0.0158,  0.6411, -0.7673, -14.9300)>
P
-713.5538940429688 214.31109619140625 -304.8141784667969 -1492.530029296875 -24.334924697875977 657.8892822265625 232.52606201171875 -29507.736328125 0.015802310779690742 0.6411325931549072 -0.7672674059867859 -14.929983139038086

CAM44
K
<Matrix 3x3 (720.0000,   0.0000, 360.0000)
            (  0.0000, 654.5455, 243.0000)
            (  0.0000,   0.0000,   1.0000)>
RT
<Matrix 3x4 (-0.9997, -0.0255, -0.0033,   4.7307)
            (-0.0192,  0.8286, -0.5595, -16.9275)
            ( 0.0170, -0.5593, -0.8288,  28.3808)>
P
-713.6340942382812 -219.66940307617188 -300.7858581542969 13623.1767578125 -8.453370094299316 406.45843505859375 -567.6258544921875 -4183.30810546875 0.017023922875523567 -0.5592581033706665 -0.8288187980651855 28.380813598632812

CAM45
K
<Matrix 3x3 (720.0000,   0.0000, 360.0000)
            (  0.0000, 654.5455, 243.0000)
            (  0.0000,   0.0000,   1.0000)>
RT
<Matrix 3x4 (-0.9989, -0.0229, -0.0397,   5.1641)
            (-0.0430,  0.7671,  0.6401, -31.9077)
            ( 0.0158,  0.6411, -0.7673,  -8.5521)>
P
-713.5538940429688 214.31109619140625 -304.8141784667969 639.38525390625 -24.334924697875977 657.8892822265625 232.52606201171875 -22963.205078125 0.015802310779690742 0.6411325931549072 -0.7672674059867859 -8.552148818969727

CAM46
K
<Matrix 3x3 (720.0000,   0.0000, 360.0000)
            (  0.0000, 654.5455, 243.0000)
            (  0.0000,   0.0000,   1.0000)>
RT
<Matrix 3x4 (-0.9997, -0.0255, -0.0033,  4.4734)
            (-0.0192,  0.8286, -0.5595, -8.5551)
            ( 0.0170, -0.5593, -0.8288, 22.8005)>
P
-713.6340942382812 -219.66940307617188 -300.7858581542969 11429.015625 -8.453370094299316 406.45843505859375 -567.6258544921875 -59.185546875 0.017023922875523567 -0.5592581033706665 -0.8288187980651855 22.80049705505371

CAM47
K
<Matrix 3x3 (720.0000,   0.0000, 360.0000)
            (  0.0000, 654.5455, 243.0000)
            (  0.0000,   0.0000,   1.0000)>
RT
<Matrix 3x4 (-0.9989, -0.0229, -0.0397,   4.9347)
            (-0.0430,  0.7671,  0.6401, -24.2246)
            ( 0.0158,  0.6411, -0.7673,  -2.0544)>
P
-713.5538940429688 214.31109619140625 -304.8141784667969 2813.3896484375 -24.334924697875977 657.8892822265625 232.52606201171875 -16355.3076171875 0.015802310779690742 0.6411325931549072 -0.7672674059867859 -2.0543668270111084

CAM48
K
<Matrix 3x3 (720.0000,   0.0000, 360.0000)
            (  0.0000, 654.5455, 243.0000)
            (  0.0000,   0.0000,   1.0000)>
RT
<Matrix 3x4 (-0.9989, -0.0229, -0.0397,   4.7058)
            (-0.0430,  0.7671,  0.6401, -16.5637)
            ( 0.0158,  0.6411, -0.7673,   4.1961)>
P
-713.5538940429688 214.31109619140625 -304.8141784667969 4898.7568359375 -24.334924697875977 657.8892822265625 232.52606201171875 -9822.0087890625 0.015802310779690742 0.6411325931549072 -0.7672674059867859 4.196140289306641

CAM49
K
<Matrix 3x3 (720.0000,   0.0000, 360.0000)
            (  0.0000, 654.5455, 243.0000)
            (  0.0000,   0.0000,   1.0000)>
RT
<Matrix 3x4 (-0.9997, -0.0255, -0.0033,  4.2235)
            (-0.0192,  0.8286, -0.5595, -0.4263)
            ( 0.0170, -0.5593, -0.8288, 17.1728)>
P
-713.6340942382812 -219.66940307617188 -300.7858581542969 9223.109375 -8.453370094299316 406.45843505859375 -567.6258544921875 3893.986328125 0.017023922875523567 -0.5592581033706665 -0.8288187980651855 17.172828674316406

CAM50
K
<Matrix 3x3 (720.0000,   0.0000, 360.0000)
            (  0.0000, 654.5455, 243.0000)
            (  0.0000,   0.0000,   1.0000)>
RT
<Matrix 3x4 (-0.9990, -0.0261, -0.0353,  4.4111)
            (-0.0401,  0.8689,  0.4934, -6.7035)
            ( 0.0178,  0.4943, -0.8691, 12.1340)>
P
-712.8892822265625 159.17527770996094 -338.3082275390625 7544.2158203125 -21.937763214111328 688.846435546875 111.75160217285156 -1439.17138671875 0.017823435366153717 0.4943247139453888 -0.8690946102142334 12.13400650024414
50