K
<Matrix 3x3 (3333.3333,    0.0000, 3000.0000)
            (   0.0000, 3333.3333, 1999.0000)
            (   0.0000,    0.0000,    1.0000)>
RT
<Matrix 3x4 (-0.0000,  1.0000,  0.0000, 12.6697)
            ( 0.5000,  0.0000, -0.8660,  0.2485)
            (-0.8660, -0.0000, -0.5000, 13.4347)>
P
-2598.076416015625 3333.3330078125 -1499.9998779296875 82536.140625 -64.5181884765625 -3.780471161007881e-06 -3886.251220703125 27684.05078125 -0.8660253882408142 -7.86470906177783e-08 -0.4999999701976776 13.43465518951416
K
<Matrix 3x3 (3333.3333,    0.0000, 3000.0000)
            (   0.0000, 3333.3333, 1999.0000)
            (   0.0000,    0.0000,    1.0000)>
RT
<Matrix 3x4 (-0.0000, -1.0000,  0.0000, -12.2937)
            (-0.5000,  0.0000, -0.8660,   0.1747)
            ( 0.8660, -0.0000, -0.5000,  13.6452)>
P
2598.076416015625 -3333.333740234375 -1499.9993896484375 -43.359375 64.5186767578125 0.0003614500747062266 -3886.25146484375 27859.1484375 0.8660256266593933 -3.650024282819686e-08 -0.4999998211860657 13.645210266113281
K
<Matrix 3x3 (3333.3333,    0.0000, 3000.0000)
            (   0.0000, 3333.3333, 1999.0000)
            (   0.0000,    0.0000,    1.0000)>
RT
<Matrix 3x4 (-0.5256, -0.8507, -0.0000, -6.2360)
            (-0.3350,  0.2070, -0.9192,  0.4311)
            ( 0.7820, -0.4831, -0.3938, 11.1353)>
P
594.125 -4285.1572265625 -1181.336669921875 12619.193359375 446.5538330078125 -275.87078857421875 -3851.18115234375 23696.513671875 0.7820122241973877 -0.48310989141464233 -0.39377880096435547 11.135327339172363
K
<Matrix 3x3 (3333.3333,    0.0000, 3000.0000)
            (   0.0000, 3333.3333, 1999.0000)
            (   0.0000,    0.0000,    1.0000)>
RT
<Matrix 3x4 (-0.6023,  0.7982, -0.0000,  7.1271)
            ( 0.3143,  0.2372, -0.9192,  0.7559)
            (-0.7337, -0.5537, -0.3938, 10.5720)>
P
-4209.04150390625 999.761474609375 -1181.336181640625 55473.0546875 -418.991455078125 -316.16717529296875 -3851.180908203125 23653.056640625 -0.7337441444396973 -0.5536766648292542 -0.3937787115573883 10.572015762329102
K
<Matrix 3x3 (3333.3333,    0.0000, 3000.0000)
            (   0.0000, 3333.3333, 1999.0000)
            (   0.0000,    0.0000,    1.0000)>
RT
<Matrix 3x4 (-0.8860,  0.4624,  0.0347, 4.0036)
            ( 0.2775,  0.5886, -0.7593, 7.6478)
            (-0.3716, -0.6631, -0.6498, 9.5593)>
P
-4067.89794921875 -447.6695556640625 -1833.82373046875 42022.984375 182.2618408203125 636.6951904296875 -3829.94921875 44601.4609375 -0.3715589642524719 -0.6630547046661377 -0.6498479843139648 9.559252738952637
K
<Matrix 3x3 (3333.3333,    0.0000, 3000.0000)
            (   0.0000, 3333.3333, 1999.0000)
            (   0.0000,    0.0000,    1.0000)>
RT
<Matrix 3x4 (-0.8758, -0.4824,  0.0155, -4.5444)
            (-0.3095,  0.5367, -0.7849,  7.7945)
            ( 0.3703, -0.6923, -0.6194,  9.1883)>
P
-1808.4453125 -3684.783203125 -1806.3807373046875 12416.60546875 -291.5513916015625 405.2135009765625 -3854.59619140625 44348.8671875 0.37031289935112 -0.6922646164894104 -0.6193852424621582 9.188253402709961
K
<Matrix 3x3 (3333.3333,    0.0000, 3000.0000)
            (   0.0000, 3333.3333, 1999.0000)
            (   0.0000,    0.0000,    1.0000)>
RT
<Matrix 3x4 (-0.7418,  0.6706,  0.0098,  8.8203)
            (-0.2523, -0.2655, -0.9305, -1.6071)
            (-0.6214, -0.6927,  0.3661,  9.1330)>
P
-4336.77099609375 157.156982421875 1130.8538818359375 56800.18359375 -2083.0546875 -2269.685302734375 -2369.92041015625 12899.9794921875 -0.6213977932929993 -0.6927027702331543 0.36609789729118347 9.133025169372559
K
<Matrix 3x3 (3333.3333,    0.0000, 3000.0000)
            (   0.0000, 3333.3333, 1999.0000)
            (   0.0000,    0.0000,    1.0000)>
RT
<Matrix 3x4 (-0.8501, -0.5266,  0.0030, -9.9944)
            ( 0.1441, -0.2380, -0.9605, -2.9840)
            ( 0.5065, -0.8161,  0.2782,  7.3007)>
P
-1314.1495361328125 -4203.70361328125 844.397216796875 -11412.62109375 1492.795654296875 -2424.703857421875 -2645.65380859375 4647.4599609375 0.5065147876739502 -0.8161229491233826 0.2781844735145569 7.300715923309326
K
<Matrix 3x3 (3333.3333,    0.0000, 3000.0000)
            (   0.0000, 3333.3333, 1999.0000)
            (   0.0000,    0.0000,    1.0000)>
RT
<Matrix 3x4 (-0.9649, -0.2543,  0.0650,  -3.8724)
            ( 0.0589, -0.4509, -0.8906, -10.2007)
            ( 0.2558, -0.8556,  0.4501,   6.5099)>
P
-2449.152587890625 -3414.356201171875 1566.822998046875 6621.9072265625 707.5783081054688 -3213.388671875 -2068.95556640625 -20988.978515625 0.25577324628829956 -0.855563759803772 0.450100839138031 6.509939670562744
K
<Matrix 3x3 (3333.3333,    0.0000, 3000.0000)
            (   0.0000, 3333.3333, 1999.0000)
            (   0.0000,    0.0000,    1.0000)>
RT
<Matrix 3x4 (-0.9842,  0.1772, -0.0018,   4.7912)
            (-0.0367, -0.2139, -0.9762, -11.1610)
            (-0.1734, -0.9606,  0.2170,   3.3536)>
P
-3800.789306640625 -2291.089111328125 644.9965209960938 26031.37890625 -469.0570373535156 -2633.30908203125 -2820.067138671875 -30499.58984375 -0.17341408133506775 -0.9606407880783081 0.2170180231332779 3.3536062240600586
K
<Matrix 3x3 (3333.3333,    0.0000, 3000.0000)
            (   0.0000, 3333.3333, 1999.0000)
            (   0.0000,    0.0000,    1.0000)>
RT
<Matrix 3x4 (0.3204, -0.9472, -0.0091, -12.6485)
            (0.0999,  0.0434, -0.9940,  -9.3653)
            (0.9420,  0.3176,  0.1085,  24.6875)>
P
3894.099853515625 -2204.536865234375 295.15509033203125 31900.8125 2216.063720703125 779.5845947265625 -3096.5185546875 18132.623046875 0.9419836401939392 0.317624568939209 0.10854466259479523 24.68751335144043
K
<Matrix 3x3 (3333.3333,    0.0000, 3000.0000)
            (   0.0000, 3333.3333, 1999.0000)
            (   0.0000,    0.0000,    1.0000)>
RT
<Matrix 3x4 ( 0.4355, 0.9002,  0.0036,  9.6272)
            (-0.0932, 0.0490, -0.9944, -9.4204)
            (-0.8953, 0.4328,  0.1052, 25.9065)>
P
-1234.30517578125 4298.876953125 327.5162353515625 109810.1875 -2100.32568359375 1028.486572265625 -3104.5068359375 20385.623046875 -0.8953458666801453 0.4327676296234131 0.10520616173744202 25.906452178955078
K
<Matrix 3x3 (3333.3333,    0.0000, 3000.0000)
            (   0.0000, 3333.3333, 1999.0000)
            (   0.0000,    0.0000,    1.0000)>
RT
<Matrix 3x4 ( 0.5522, 0.8256, -0.1161,   2.1174)
            (-0.4268, 0.1604, -0.8900, -19.0748)
            (-0.7161, 0.5410,  0.4409,  38.3105)>
P
-307.5831298828125 4374.98388671875 935.960205078125 121989.3828125 -2854.2705078125 1616.1826171875 -2085.2353515625 12999.78125 -0.7161367535591125 0.5410367846488953 0.4409392774105072 38.31045150756836
K
<Matrix 3x3 (3333.3333,    0.0000, 3000.0000)
            (   0.0000, 3333.3333, 1999.0000)
            (   0.0000,    0.0000,    1.0000)>
RT
<Matrix 3x4 (0.5020, -0.8603,  0.0888,  -4.5621)
            (0.4270,  0.1573, -0.8905, -19.3007)
            (0.7521,  0.4850,  0.4463,  38.2008)>
P
3929.6865234375 -1412.6129150390625 1634.991455078125 99395.40625 2926.779296875 1493.7064208984375 -2076.033447265625 12027.69921875 0.7520654201507568 0.4849814176559448 0.4463076591491699 38.20079803466797
14